0.70608479
0.95248018
1.0585438
0.49331574
0.31777153
0.97540813
0.73041539
0.85208766
0.99204726
1.022762
0.80193791
0.82600488
1.1925175
1.0778576
0.47085273
0.26454258
1.3121149
0.43880896
0.81363239
0.88095635
0.69975408
0.20138045
0.77112023
1.4814534
0.38416908
0.9859981
0.45830417
0.20138045
0.69681189
0.65999867
1.0461375
0.71543996
0.314221
0.91112409
0.45214516
0.5116766
0.39107513
1.1542592
0.21840895
1.3815375
0.27826329
1.188263
0.90873143
0.21708224
1.1428843
0.29051852
0.26232873
0.30239205
0.97561036
0.91034517
1.6161528
0.70745485
0.67168364
1.0646102
0.1609917
0.90118289
0.73440625
1.7127824
0.87295621
0.86592725
0.80229194
1.2333383
0.64113007
0.66052654
1.2298451
0.68908062
0.85214429
0.52131455
1.1363009
0.48549771
0.41835162
0.60234051
0.88611632
0.84539295
1.0779424
0.59463168
0.68396893
0.99412631
0.33360907
0.62729932
1.1160203
0.58254697
0.82985287
0.66546377
0.30142769
1.2180445
0.21465245
0.77380887
0.44748659
1.0881532
0.60754285
0.99200178
1.2194346
0.8487252
0.6788932
0.63778007
0.97400521
0.53364323
1.2856709
0.577805
0.78581499
0.19866603
0.73210603
0.89617244
0.66142969
0.70410863
1.566048
0.80168584
0.59463994
0.64767273
1.1491064
-0.19884425
0.60142387
1.0188735
0.84686433
0.26252587
1.0789511
0.64366017
1.5359124
0.61973074
1.2966572
0.41291075
0.8894151
0.56276199
0.61637434
0.530426
0.63169364
0.86843036
0.13699426
0.6050368
0.90909849
0.89987198
1.155093
0.58850554
0.9301114
0.66550191
0.58718108
1.0619673
1.3560534
0.78977706
0.54586615
0.54256377
0.63688149
0.53138425
0.6046654
1.2123765
1.0737484
0.73820048
0.67775879
1.5878743
0.76053228
0.73422352
1.1872745
0.80415512
0.65529153
0.40498802
1.0129695
0.70953974
0.69571558
0.88762573
1.2451508
0.98062243
1.1475
0.73096043
0.87387963
1.1218502
0.69857473
0.49773825
0.49203445
0.37716048
0.81680259
0.84112376
1.4857158
0.89061035
1.2592235
0.80577178
0.5341157
0.48507142
0.86908947
0.46187539
1.2541073
1.3096985
1.0445365
1.1077184
1.1019639
0.69334138
0.59105571
1.1096999
0.79700879
0.88478395
0.82835374
0.40489647
0.43264071
2.0636414
1.3811771
0.78805565
1.1005477
0.76988975
0.91249169
0.6609907
0.66393018
1.5802017
1.4215653
1.2296679
0.6698613
0.60319324
1.0674442
1.1960064
0.32889238
0.98151676
0.23342792
0.67433477
0.71413088
0.51768943
0.9553196
0.8104412
0.27628796
0.13306892
1.1718258
0.60451531
0.49517093
0.85537001
0.86015581
0.69848324
0.59893932
0.88469584
1.1184214
1.3359227
0.81041053
1.5188614
-0.059108752
1.4410832
0.41147877
0.63694444
1.0204588
0.55659775
0.61589279
0.67786399
0.7014059
0.41975515
0.7698972
0.74576172
0.42772333
0.80821624
0.62758612
-1.3857304
1.4235996
0.7289256
1.2605312
0.48345025
0.57070117
0.80753815
0.89678634
0.97018755
1.0460516
0.78704041
0.64944681
0.58949327
0.43081165
1.2080326
0.58110759
0.70015425
0.86787064
0.38746727
0.44746347
0.68164535
0.86851767
0.77285847
0.48022677
0.76846077
0.35702694
0.2157455
0.80893341
0.47816679
0.31144682
0.76206023
0.89999354
0.80276752
0.94255164
1.099233
0.8596241
1.0928668
0.65210869
0.55819726
0.89404674
0.57746212
1.0363841
1.2351708
0.80718763
0.55879426
0.87762898
0.50684621
0.46928679
0.58770688
0.6977028
1.1173756
0.40889448
1.0348175
0.5080075
0.79116276
-0.28812399
-0.83420248
-0.74097714
-0.87106594
-1.3195963
-1.1776808
-0.4833312
-0.23120336
-0.52267882
-0.47217338
-0.62619494
-0.38909114
-0.2125421
-0.33224852
-0.86264415
-0.93043039
-1.2024656
-0.8862929
-0.66463956
-0.39718671
-0.27695028
-1.1046666
-1.1611491
-0.68717214
-0.27124819
-0.44362287
-0.56237414
-0.40508258
-0.24576383
-0.65063306
-0.46976045
-0.25854957
-0.52786845
-1.1095978
-0.35024859
-0.53429377
-0.32760966
-0.98798447
-0.68735874
-0.40182793
-0.78121306
-0.24814785
0.1609917
0.24763543
0.13829534
-0.84047078
-0.45379458
-0.4577591
-0.10509401
-1.306973
-1.0866661
-1.1940617
-1.2231281
-1.0692543
-0.97113845
-1.2484118
-1.0424515
-1.6564313
-1.0822615
-1.4951414
-0.84207479
-1.3553229
-1.7044578
-0.91008832
-1.4905531
-0.95602844
-1.5045606
-1.0976723
-1.7292305
-1.0303466
-1.5919894
-1.7398017
-1.4320709
-1.9682007
-1.4875163
-1.3776876
-1.6221975
-1.075558
-1.3810477
-1.647
-1.1323905
-1.8965574
-1.5915486
-0.77660261
-1.3103451
-0.8336402
-0.8851663
-1.1031662
-1.4951479
-0.90672173
-1.0205483
-1.2397968
-1.0682542
-1.2957558
-0.81421596
-0.93955339
-0.89843871
-1.4555593
-1.22115
-1.3737602
-1.0811441
-1.45718
-1.1289257
-1.6259945
-1.8040449
-0.81297137
-1.6792306
-1.3078401
-1.6271093
-1.5263473
-1.7517958
-0.65554428
-1.601882
-1.5631983
-1.6649045
-0.89908373
-1.4014914
-1.4818277
-1.6999168
-1.1671258
-0.86088002
-1.087576
0.076720694
-1.030556
-1.279707
-1.7821443
-1.2290288
-0.82776724
-1.8563613
-1.6332952
-1.7253699
-1.5875518
-1.3508021
-1.1320513
-1.0122758
-0.25648345
-0.87878193
-1.6959167
-0.93591152
-1.2728444
-1.1181924
-1.669388
-0.67396888
-1.50331
-0.76849609
-0.88638055
-0.04646906
-1.5479944
-0.12918761
-1.6090804
0.24342298
-1.3486607
-1.2429411
0.30319364
-0.90984803
-1.388788
-1.6560477
-0.41030209
-1.2803925
-1.5884042
-1.0754235
-1.2832582
-1.0103501
-1.3585074
-1.5587288
-0.18654849
-1.4532878
-0.79092129
-2.306357
0.10451296
-1.3071351
-1.5590831
0.31600263
-1.172794
-1.0963791
-0.23456273
-0.48405539
-0.48741172
-0.96792236
0.19525921
-1.3150894
-0.4566791
-0.96511619
-0.76920078
-0.61453591
-1.1922112
-0.33217347
0.11417423
-1.0939324
-0.36331849
-0.82995486
-1.8029279
-0.10075501
-0.76380584
-0.63513387
-1.3408441
-0.85422809
-0.65107005
-1.0729654
-1.2053005
-1.3481061
-0.65210339
-1.5323077
-1.115871
-1.0203626
-0.22096343
-0.76282965
-0.76281663
-0.71335937
-0.40880372
-0.8677025
-0.65861585
-1.1170309
-1.3461999
-0.7024877
-0.90323282
-0.28717154
-0.84374055
-0.38634843
-1.3651543
-0.93810219
-0.81277696
-1.0494636
-1.1945463
-0.6075546
0.30685485
-1.2279081
-1.0768661
-0.77474823
-0.30834285
-0.33912797
-1.3588296
-0.66907754
-0.2406536
-0.62247407
-0.008321509
-0.41491442
-0.57691194
-0.27233581
-1.0173835
-0.51393172
-1.0758071
-0.34970866
-0.95791638
-1.3519595
-0.84805486
-1.5337413
-0.98408192
-0.23426105
-0.55298015
-0.88092345
-0.32537166
0.058799551
-0.26719171
-0.83450637
-0.50959007
-0.84825333
-0.39937066
-0.16768681
-0.38527638
-0.66724929
-1.0105039
-0.09010357
0.33345467
-0.45478237
-0.78626483
-0.55500756
-0.60526485
-1.0337496
-0.48493051
-0.46095178
-0.70038611
-0.71420091
-0.91962687
-0.7179529
-1.0501752
-0.58852777
-0.42935399
-0.80263399
-0.9534167
-0.36390914
-0.74722825
-0.96821173
-0.68620375
-1.4092097
-0.40429471
-1.1993996
-0.71075228
-0.78682672
-0.49441805
-1.3402081
-0.90403556
-1.0801145
-0.65210519
-0.54384024
-1.1325658
-1.0508301
-0.5357475
-0.22969751
-0.15687741
